a <- c(0:1000)

